,Batting Avg All,Batting Avg Rec,Batting Ball By Wicket All,Batting Ball By Wicket Rec,Batting Strike Rate All,Batting Strike Rate Rec,Bowling Avg All,Bowling Avg Rec,Bowling Eco All,Bowling Eco Rec,Bowling Strike Rate All,Bowling Strike Rate Rec,Current Winner,Decision Winning Toss,Face To Face Win Diff,Innings,Non Striker Ball,Non Striker Run,Striker Ball,Striker Run,Target,Team1 No Of Matches,Team2 No Of Matches,Toss Jitse,Total Ball,Total Run,Total Wicket,Win Percentage All,Win Percentage Rec
0,-6.443843945279514,-19.268115942028988,-4.313342340820807,-14.217391304347824,-0.059569110298815175,-0.07440328297886427,5.495092005176279,1.90909090909091,1.0818440676672418,0.8700181643337963,2.2678912981725228,-0.2881422924901189,0.0,2,-0.5,1,0.1,0,0.1,0,160,28,23,2,0.1,0,0,-0.33249158249158245,-0.33333333333333337
1,-6.443843945279514,-19.268115942028988,-4.313342340820807,-14.217391304347824,-0.059569110298815175,-0.07440328297886427,5.495092005176279,1.90909090909091,1.0818440676672418,0.8700181643337963,2.2678912981725228,-0.2881422924901189,0.0,2,-0.5,1,0.2,0,0.2,0,160,28,23,2,0.2,0,0,-0.33249158249158245,-0.33333333333333337
2,-6.443843945279514,-19.268115942028988,-4.313342340820807,-14.217391304347824,-0.059569110298815175,-0.07440328297886427,5.495092005176279,1.90909090909091,1.0818440676672418,0.8700181643337963,2.2678912981725228,-0.2881422924901189,0.0,2,-0.5,1,0.3,0,0.3,0,160,28,23,2,0.3,0,0,-0.33249158249158245,-0.33333333333333337
3,-6.443843945279514,-19.268115942028988,-4.313342340820807,-14.217391304347824,-0.059569110298815175,-0.07440328297886427,5.495092005176279,1.90909090909091,1.0818440676672418,0.8700181643337963,2.2678912981725228,-0.2881422924901189,0.0,2,-0.5,1,0.4,0,0.4,0,160,28,23,2,0.4,0,0,-0.33249158249158245,-0.33333333333333337
4,-6.443843945279514,-19.268115942028988,-4.313342340820807,-14.217391304347824,-0.059569110298815175,-0.07440328297886427,5.495092005176279,1.90909090909091,1.0818440676672418,0.8700181643337963,2.2678912981725228,-0.2881422924901189,0.0,2,-0.5,1,0.5,0,0.5,0,160,28,23,2,0.5,0,0,-0.33249158249158245,-0.33333333333333337
5,-6.443843945279514,-19.268115942028988,-4.313342340820807,-14.217391304347824,-0.059569110298815175,-0.07440328297886427,5.495092005176279,1.90909090909091,1.0818440676672418,0.8700181643337963,2.2678912981725228,-0.2881422924901189,0.0,2,-0.5,1,0.6,0,0.6,0,160,28,23,2,0.6,0,0,-0.33249158249158245,-0.33333333333333337
6,-6.443843945279514,-19.268115942028988,-4.313342340820807,-14.217391304347824,-0.059569110298815175,-0.07440328297886427,5.495092005176279,1.90909090909091,1.0818440676672418,0.8700181643337963,2.2678912981725228,-0.2881422924901189,0.0,2,-0.5,1,1.1,0,1.1,0,160,28,23,2,1.1,0,0,-0.33249158249158245,-0.33333333333333337
7,-6.443843945279514,-19.268115942028988,-4.313342340820807,-14.217391304347824,-0.059569110298815175,-0.07440328297886427,5.495092005176279,1.90909090909091,1.0818440676672418,0.8700181643337963,2.2678912981725228,-0.2881422924901189,0.0,2,-0.5,1,1.2,0,1.2,1,160,28,23,2,1.2,1,0,-0.33249158249158245,-0.33333333333333337
8,-6.443843945279514,-19.268115942028988,-4.313342340820807,-14.217391304347824,-0.059569110298815175,-0.07440328297886427,5.495092005176279,1.90909090909091,1.0818440676672418,0.8700181643337963,2.2678912981725228,-0.2881422924901189,0.0,2,-0.5,1,1.3,1,1.3,2,160,28,23,2,1.3,3,0,-0.33249158249158245,-0.33333333333333337
9,-6.443843945279514,-19.268115942028988,-4.313342340820807,-14.217391304347824,-0.059569110298815175,-0.07440328297886427,5.495092005176279,1.90909090909091,1.0818440676672418,0.8700181643337963,2.2678912981725228,-0.2881422924901189,0.0,2,-0.5,1,1.4,1,1.4,2,160,28,23,2,1.4,3,0,-0.33249158249158245,-0.33333333333333337
10,-6.443843945279514,-19.268115942028988,-4.313342340820807,-14.217391304347824,-0.059569110298815175,-0.07440328297886427,5.495092005176279,1.90909090909091,1.0818440676672418,0.8700181643337963,2.2678912981725228,-0.2881422924901189,0.0,2,-0.5,1,1.5,1,1.5,2,160,28,23,2,1.5,3,0,-0.33249158249158245,-0.33333333333333337
11,-6.443843945279514,-19.268115942028988,-4.313342340820807,-14.217391304347824,-0.059569110298815175,-0.07440328297886427,5.495092005176279,1.90909090909091,1.0818440676672418,0.8700181643337963,2.2678912981725228,-0.2881422924901189,0.0,2,-0.5,1,1.6,1,1.6,2,160,28,23,2,1.6,3,0,-0.33249158249158245,-0.33333333333333337
12,-6.443843945279514,-19.268115942028988,-4.313342340820807,-14.217391304347824,-0.059569110298815175,-0.07440328297886427,5.495092005176279,1.90909090909091,1.0818440676672418,0.8700181643337963,2.2678912981725228,-0.2881422924901189,0.0,2,-0.5,1,2.1,2,2.1,1,160,28,23,2,2.1,3,0,-0.33249158249158245,-0.33333333333333337
13,-6.443843945279514,-19.268115942028988,-4.313342340820807,-14.217391304347824,-0.059569110298815175,-0.07440328297886427,5.495092005176279,1.90909090909091,1.0818440676672418,0.8700181643337963,2.2678912981725228,-0.2881422924901189,0.0,2,-0.5,1,2.2,2,2.2,1,160,28,23,2,2.2,3,0,-0.33249158249158245,-0.33333333333333337
14,-6.443843945279514,-19.268115942028988,-4.313342340820807,-14.217391304347824,-0.059569110298815175,-0.07440328297886427,5.495092005176279,1.90909090909091,1.0818440676672418,0.8700181643337963,2.2678912981725228,-0.2881422924901189,0.0,2,-0.5,1,2.3,2,2.3,5,160,28,23,2,2.3,7,0,-0.33249158249158245,-0.33333333333333337
15,-6.443843945279514,-19.268115942028988,-4.313342340820807,-14.217391304347824,-0.059569110298815175,-0.07440328297886427,5.495092005176279,1.90909090909091,1.0818440676672418,0.8700181643337963,2.2678912981725228,-0.2881422924901189,0.0,2,-0.5,1,2.4,2,2.4,9,160,28,23,2,2.4,11,0,-0.33249158249158245,-0.33333333333333337
16,-6.443843945279514,-19.268115942028988,-4.313342340820807,-14.217391304347824,-0.059569110298815175,-0.07440328297886427,5.495092005176279,1.90909090909091,1.0818440676672418,0.8700181643337963,2.2678912981725228,-0.2881422924901189,0.0,2,-0.5,1,2.5,2,2.5,9,160,28,23,2,2.5,11,0,-0.33249158249158245,-0.33333333333333337
17,-6.443843945279514,-19.268115942028988,-4.313342340820807,-14.217391304347824,-0.059569110298815175,-0.07440328297886427,5.495092005176279,1.90909090909091,1.0818440676672418,0.8700181643337963,2.2678912981725228,-0.2881422924901189,0.0,2,-0.5,1,2.6,2,2.6,9,160,28,23,2,2.6,11,0,-0.33249158249158245,-0.33333333333333337
18,-6.443843945279514,-19.268115942028988,-4.313342340820807,-14.217391304347824,-0.059569110298815175,-0.07440328297886427,5.495092005176279,1.90909090909091,1.0818440676672418,0.8700181643337963,2.2678912981725228,-0.2881422924901189,0.0,2,-0.5,1,3.1,9,3.1,3,160,28,23,2,3.1,12,0,-0.33249158249158245,-0.33333333333333337
19,-6.443843945279514,-19.268115942028988,-4.313342340820807,-14.217391304347824,-0.059569110298815175,-0.07440328297886427,5.495092005176279,1.90909090909091,1.0818440676672418,0.8700181643337963,2.2678912981725228,-0.2881422924901189,0.0,2,-0.5,1,3.2,3,3.2,10,160,28,23,2,3.2,13,0,-0.33249158249158245,-0.33333333333333337
20,-6.443843945279514,-19.268115942028988,-4.313342340820807,-14.217391304347824,-0.059569110298815175,-0.07440328297886427,5.495092005176279,1.90909090909091,1.0818440676672418,0.8700181643337963,2.2678912981725228,-0.2881422924901189,0.0,2,-0.5,1,3.3,10,3.3,7,160,28,23,2,3.3,17,0,-0.33249158249158245,-0.33333333333333337
21,-6.443843945279514,-19.268115942028988,-4.313342340820807,-14.217391304347824,-0.059569110298815175,-0.07440328297886427,5.495092005176279,1.90909090909091,1.0818440676672418,0.8700181643337963,2.2678912981725228,-0.2881422924901189,0.0,2,-0.5,1,3.4,10,3.4,8,160,28,23,2,3.4,18,0,-0.33249158249158245,-0.33333333333333337
22,-6.443843945279514,-19.268115942028988,-4.313342340820807,-14.217391304347824,-0.059569110298815175,-0.07440328297886427,5.495092005176279,1.90909090909091,1.0818440676672418,0.8700181643337963,2.2678912981725228,-0.2881422924901189,0.0,2,-0.5,1,3.5,8,3.5,10,160,28,23,2,3.5,18,0,-0.33249158249158245,-0.33333333333333337
23,-6.443843945279514,-19.268115942028988,-4.313342340820807,-14.217391304347824,-0.059569110298815175,-0.07440328297886427,5.495092005176279,1.90909090909091,1.0818440676672418,0.8700181643337963,2.2678912981725228,-0.2881422924901189,0.0,2,-0.5,1,3.6,8,3.6,12,160,28,23,2,3.6,20,0,-0.33249158249158245,-0.33333333333333337
24,-6.443843945279514,-19.268115942028988,-4.313342340820807,-14.217391304347824,-0.059569110298815175,-0.07440328297886427,5.495092005176279,1.90909090909091,1.0818440676672418,0.8700181643337963,2.2678912981725228,-0.2881422924901189,0.0,2,-0.5,1,4.1,12,4.1,14,160,28,23,2,4.1,26,0,-0.33249158249158245,-0.33333333333333337
25,-6.443843945279514,-19.268115942028988,-4.313342340820807,-14.217391304347824,-0.059569110298815175,-0.07440328297886427,5.495092005176279,1.90909090909091,1.0818440676672418,0.8700181643337963,2.2678912981725228,-0.2881422924901189,0.0,2,-0.5,1,4.2,12,4.2,20,160,28,23,2,4.2,32,0,-0.33249158249158245,-0.33333333333333337
26,-6.443843945279514,-19.268115942028988,-4.313342340820807,-14.217391304347824,-0.059569110298815175,-0.07440328297886427,5.495092005176279,1.90909090909091,1.0818440676672418,0.8700181643337963,2.2678912981725228,-0.2881422924901189,0.0,2,-0.5,1,4.3,12,4.3,20,160,28,23,2,4.3,32,0,-0.33249158249158245,-0.33333333333333337
27,-6.443843945279514,-19.268115942028988,-4.313342340820807,-14.217391304347824,-0.059569110298815175,-0.07440328297886427,5.495092005176279,1.90909090909091,1.0818440676672418,0.8700181643337963,2.2678912981725228,-0.2881422924901189,0.0,2,-0.5,1,4.4,12,4.4,20,160,28,23,2,4.4,32,0,-0.33249158249158245,-0.33333333333333337
28,-6.443843945279514,-19.268115942028988,-4.313342340820807,-14.217391304347824,-0.059569110298815175,-0.07440328297886427,5.495092005176279,1.90909090909091,1.0818440676672418,0.8700181643337963,2.2678912981725228,-0.2881422924901189,0.0,2,-0.5,1,4.5,12,4.5,20,160,28,23,2,4.5,32,0,-0.33249158249158245,-0.33333333333333337
29,-6.443843945279514,-19.268115942028988,-4.313342340820807,-14.217391304347824,-0.059569110298815175,-0.07440328297886427,5.495092005176279,1.90909090909091,1.0818440676672418,0.8700181643337963,2.2678912981725228,-0.2881422924901189,0.0,2,-0.5,1,4.6,12,4.6,20,160,28,23,2,4.6,32,0,-0.33249158249158245,-0.33333333333333337
30,-6.443843945279514,-19.268115942028988,-4.313342340820807,-14.217391304347824,-0.059569110298815175,-0.07440328297886427,5.495092005176279,1.90909090909091,1.0818440676672418,0.8700181643337963,2.2678912981725228,-0.2881422924901189,0.0,2,-0.5,1,5.1,20,5.1,12,160,28,23,2,5.1,32,0,-0.33249158249158245,-0.33333333333333337
31,-6.443843945279514,-19.268115942028988,-4.313342340820807,-14.217391304347824,-0.059569110298815175,-0.07440328297886427,5.495092005176279,1.90909090909091,1.0818440676672418,0.8700181643337963,2.2678912981725228,-0.2881422924901189,0.0,2,-0.5,1,5.2,20,5.2,13,160,28,23,2,5.2,33,0,-0.33249158249158245,-0.33333333333333337
32,-6.443843945279514,-19.268115942028988,-4.313342340820807,-14.217391304347824,-0.059569110298815175,-0.07440328297886427,5.495092005176279,1.90909090909091,1.0818440676672418,0.8700181643337963,2.2678912981725228,-0.2881422924901189,0.0,2,-0.5,1,5.3,13,5.3,21,160,28,23,2,5.3,34,0,-0.33249158249158245,-0.33333333333333337
33,-6.443843945279514,-19.268115942028988,-4.313342340820807,-14.217391304347824,-0.059569110298815175,-0.07440328297886427,5.495092005176279,1.90909090909091,1.0818440676672418,0.8700181643337963,2.2678912981725228,-0.2881422924901189,0.0,2,-0.5,1,5.4,21,5.4,13,160,28,23,2,5.4,34,0,-0.33249158249158245,-0.33333333333333337
34,-6.443843945279514,-19.268115942028988,-4.313342340820807,-14.217391304347824,-0.059569110298815175,-0.07440328297886427,5.495092005176279,1.90909090909091,1.0818440676672418,0.8700181643337963,2.2678912981725228,-0.2881422924901189,0.0,2,-0.5,1,5.5,21,5.5,13,160,28,23,2,5.5,34,1,-0.33249158249158245,-0.33333333333333337
35,-6.443843945279514,-19.268115942028988,-4.313342340820807,-14.217391304347824,-0.059569110298815175,-0.07440328297886427,5.495092005176279,1.90909090909091,1.0818440676672418,0.8700181643337963,2.2678912981725228,-0.2881422924901189,0.0,2,-0.5,1,5.6,0,5.6,22,160,28,23,2,5.6,35,1,-0.33249158249158245,-0.33333333333333337
36,-6.443843945279514,-19.268115942028988,-4.313342340820807,-14.217391304347824,-0.059569110298815175,-0.07440328297886427,5.495092005176279,1.90909090909091,1.0818440676672418,0.8700181643337963,2.2678912981725228,-0.2881422924901189,0.0,2,-0.5,1,6.1,0,6.1,26,160,28,23,2,6.1,39,1,-0.33249158249158245,-0.33333333333333337
37,-6.443843945279514,-19.268115942028988,-4.313342340820807,-14.217391304347824,-0.059569110298815175,-0.07440328297886427,5.495092005176279,1.90909090909091,1.0818440676672418,0.8700181643337963,2.2678912981725228,-0.2881422924901189,0.0,2,-0.5,1,6.2,0,6.2,26,160,28,23,2,6.2,39,1,-0.33249158249158245,-0.33333333333333337
38,-6.443843945279514,-19.268115942028988,-4.313342340820807,-14.217391304347824,-0.059569110298815175,-0.07440328297886427,5.495092005176279,1.90909090909091,1.0818440676672418,0.8700181643337963,2.2678912981725228,-0.2881422924901189,0.0,2,-0.5,1,6.3,0,6.3,30,160,28,23,2,6.3,43,1,-0.33249158249158245,-0.33333333333333337
39,-6.443843945279514,-19.268115942028988,-4.313342340820807,-14.217391304347824,-0.059569110298815175,-0.07440328297886427,5.495092005176279,1.90909090909091,1.0818440676672418,0.8700181643337963,2.2678912981725228,-0.2881422924901189,0.0,2,-0.5,1,6.4,0,6.4,36,160,28,23,2,6.4,50,1,-0.33249158249158245,-0.33333333333333337
40,-6.443843945279514,-19.268115942028988,-4.313342340820807,-14.217391304347824,-0.059569110298815175,-0.07440328297886427,5.495092005176279,1.90909090909091,1.0818440676672418,0.8700181643337963,2.2678912981725228,-0.2881422924901189,0.0,2,-0.5,1,6.5,0,6.5,37,160,28,23,2,6.5,51,1,-0.33249158249158245,-0.33333333333333337
41,-6.443843945279514,-19.268115942028988,-4.313342340820807,-14.217391304347824,-0.059569110298815175,-0.07440328297886427,5.495092005176279,1.90909090909091,1.0818440676672418,0.8700181643337963,2.2678912981725228,-0.2881422924901189,0.0,2,-0.5,1,6.6,37,6.6,2,160,28,23,2,6.6,53,1,-0.33249158249158245,-0.33333333333333337
42,-6.443843945279514,-19.268115942028988,-4.313342340820807,-14.217391304347824,-0.059569110298815175,-0.07440328297886427,5.495092005176279,1.90909090909091,1.0818440676672418,0.8700181643337963,2.2678912981725228,-0.2881422924901189,0.0,2,-0.5,1,6.7,37,6.7,2,160,28,23,2,6.7,53,1,-0.33249158249158245,-0.33333333333333337
43,-6.443843945279514,-19.268115942028988,-4.313342340820807,-14.217391304347824,-0.059569110298815175,-0.07440328297886427,5.495092005176279,1.90909090909091,1.0818440676672418,0.8700181643337963,2.2678912981725228,-0.2881422924901189,0.0,2,-0.5,1,7.1,2,7.1,38,160,28,23,2,7.1,54,1,-0.33249158249158245,-0.33333333333333337
44,-6.443843945279514,-19.268115942028988,-4.313342340820807,-14.217391304347824,-0.059569110298815175,-0.07440328297886427,5.495092005176279,1.90909090909091,1.0818440676672418,0.8700181643337963,2.2678912981725228,-0.2881422924901189,0.0,2,-0.5,1,7.2,38,7.2,2,160,28,23,2,7.2,54,1,-0.33249158249158245,-0.33333333333333337
45,-6.443843945279514,-19.268115942028988,-4.313342340820807,-14.217391304347824,-0.059569110298815175,-0.07440328297886427,5.495092005176279,1.90909090909091,1.0818440676672418,0.8700181643337963,2.2678912981725228,-0.2881422924901189,0.0,2,-0.5,1,7.3,38,7.3,3,160,28,23,2,7.3,55,1,-0.33249158249158245,-0.33333333333333337
46,-6.443843945279514,-19.268115942028988,-4.313342340820807,-14.217391304347824,-0.059569110298815175,-0.07440328297886427,5.495092005176279,1.90909090909091,1.0818440676672418,0.8700181643337963,2.2678912981725228,-0.2881422924901189,0.0,2,-0.5,1,7.4,3,7.4,39,160,28,23,2,7.4,56,1,-0.33249158249158245,-0.33333333333333337
47,-6.443843945279514,-19.268115942028988,-4.313342340820807,-14.217391304347824,-0.059569110298815175,-0.07440328297886427,5.495092005176279,1.90909090909091,1.0818440676672418,0.8700181643337963,2.2678912981725228,-0.2881422924901189,0.0,2,-0.5,1,7.5,39,7.5,3,160,28,23,2,7.5,56,1,-0.33249158249158245,-0.33333333333333337
48,-6.443843945279514,-19.268115942028988,-4.313342340820807,-14.217391304347824,-0.059569110298815175,-0.07440328297886427,5.495092005176279,1.90909090909091,1.0818440676672418,0.8700181643337963,2.2678912981725228,-0.2881422924901189,0.0,2,-0.5,1,7.6,39,7.6,3,160,28,23,2,7.6,56,2,-0.33249158249158245,-0.33333333333333337
49,-6.443843945279514,-19.268115942028988,-4.313342340820807,-14.217391304347824,-0.059569110298815175,-0.07440328297886427,5.495092005176279,1.90909090909091,1.0818440676672418,0.8700181643337963,2.2678912981725228,-0.2881422924901189,0.0,2,-0.5,1,8.1,39,8.1,2,160,28,23,2,8.1,58,2,-0.33249158249158245,-0.33333333333333337
50,-6.443843945279514,-19.268115942028988,-4.313342340820807,-14.217391304347824,-0.059569110298815175,-0.07440328297886427,5.495092005176279,1.90909090909091,1.0818440676672418,0.8700181643337963,2.2678912981725228,-0.2881422924901189,0.0,2,-0.5,1,8.2,39,8.2,3,160,28,23,2,8.2,59,2,-0.33249158249158245,-0.33333333333333337
51,-6.443843945279514,-19.268115942028988,-4.313342340820807,-14.217391304347824,-0.059569110298815175,-0.07440328297886427,5.495092005176279,1.90909090909091,1.0818440676672418,0.8700181643337963,2.2678912981725228,-0.2881422924901189,0.0,2,-0.5,1,8.3,3,8.3,43,160,28,23,2,8.3,63,2,-0.33249158249158245,-0.33333333333333337
52,-6.443843945279514,-19.268115942028988,-4.313342340820807,-14.217391304347824,-0.059569110298815175,-0.07440328297886427,5.495092005176279,1.90909090909091,1.0818440676672418,0.8700181643337963,2.2678912981725228,-0.2881422924901189,0.0,2,-0.5,1,8.4,3,8.4,44,160,28,23,2,8.4,64,2,-0.33249158249158245,-0.33333333333333337
53,-6.443843945279514,-19.268115942028988,-4.313342340820807,-14.217391304347824,-0.059569110298815175,-0.07440328297886427,5.495092005176279,1.90909090909091,1.0818440676672418,0.8700181643337963,2.2678912981725228,-0.2881422924901189,0.0,2,-0.5,1,8.5,44,8.5,3,160,28,23,2,8.5,64,2,-0.33249158249158245,-0.33333333333333337
54,-6.443843945279514,-19.268115942028988,-4.313342340820807,-14.217391304347824,-0.059569110298815175,-0.07440328297886427,5.495092005176279,1.90909090909091,1.0818440676672418,0.8700181643337963,2.2678912981725228,-0.2881422924901189,0.0,2,-0.5,1,8.6,44,8.6,4,160,28,23,2,8.6,65,2,-0.33249158249158245,-0.33333333333333337
55,-6.443843945279514,-19.268115942028988,-4.313342340820807,-14.217391304347824,-0.059569110298815175,-0.07440328297886427,5.495092005176279,1.90909090909091,1.0818440676672418,0.8700181643337963,2.2678912981725228,-0.2881422924901189,0.0,2,-0.5,1,9.1,44,9.1,5,160,28,23,2,9.1,66,2,-0.33249158249158245,-0.33333333333333337
56,-6.443843945279514,-19.268115942028988,-4.313342340820807,-14.217391304347824,-0.059569110298815175,-0.07440328297886427,5.495092005176279,1.90909090909091,1.0818440676672418,0.8700181643337963,2.2678912981725228,-0.2881422924901189,0.0,2,-0.5,1,9.2,5,9.2,45,160,28,23,2,9.2,67,2,-0.33249158249158245,-0.33333333333333337
57,-6.443843945279514,-19.268115942028988,-4.313342340820807,-14.217391304347824,-0.059569110298815175,-0.07440328297886427,5.495092005176279,1.90909090909091,1.0818440676672418,0.8700181643337963,2.2678912981725228,-0.2881422924901189,0.0,2,-0.5,1,9.3,45,9.3,9,160,28,23,2,9.3,71,2,-0.33249158249158245,-0.33333333333333337
58,-6.443843945279514,-19.268115942028988,-4.313342340820807,-14.217391304347824,-0.059569110298815175,-0.07440328297886427,5.495092005176279,1.90909090909091,1.0818440676672418,0.8700181643337963,2.2678912981725228,-0.2881422924901189,0.0,2,-0.5,1,9.4,45,9.4,10,160,28,23,2,9.4,72,2,-0.33249158249158245,-0.33333333333333337
59,-6.443843945279514,-19.268115942028988,-4.313342340820807,-14.217391304347824,-0.059569110298815175,-0.07440328297886427,5.495092005176279,1.90909090909091,1.0818440676672418,0.8700181643337963,2.2678912981725228,-0.2881422924901189,0.0,2,-0.5,1,9.5,10,9.5,46,160,28,23,2,9.5,73,2,-0.33249158249158245,-0.33333333333333337
60,-6.443843945279514,-19.268115942028988,-4.313342340820807,-14.217391304347824,-0.059569110298815175,-0.07440328297886427,5.495092005176279,1.90909090909091,1.0818440676672418,0.8700181643337963,2.2678912981725228,-0.2881422924901189,0.0,2,-0.5,1,9.6,46,9.6,16,160,28,23,2,9.6,79,2,-0.33249158249158245,-0.33333333333333337
61,-6.443843945279514,-19.268115942028988,-4.313342340820807,-14.217391304347824,-0.059569110298815175,-0.07440328297886427,5.495092005176279,1.90909090909091,1.0818440676672418,0.8700181643337963,2.2678912981725228,-0.2881422924901189,0.0,2,-0.5,1,10.1,16,10.1,46,160,28,23,2,10.1,79,2,-0.33249158249158245,-0.33333333333333337
62,-6.443843945279514,-19.268115942028988,-4.313342340820807,-14.217391304347824,-0.059569110298815175,-0.07440328297886427,5.495092005176279,1.90909090909091,1.0818440676672418,0.8700181643337963,2.2678912981725228,-0.2881422924901189,0.0,2,-0.5,1,10.2,16,10.2,52,160,28,23,2,10.2,85,2,-0.33249158249158245,-0.33333333333333337
63,-6.443843945279514,-19.268115942028988,-4.313342340820807,-14.217391304347824,-0.059569110298815175,-0.07440328297886427,5.495092005176279,1.90909090909091,1.0818440676672418,0.8700181643337963,2.2678912981725228,-0.2881422924901189,0.0,2,-0.5,1,10.3,16,10.3,53,160,28,23,2,10.3,86,2,-0.33249158249158245,-0.33333333333333337
64,-6.443843945279514,-19.268115942028988,-4.313342340820807,-14.217391304347824,-0.059569110298815175,-0.07440328297886427,5.495092005176279,1.90909090909091,1.0818440676672418,0.8700181643337963,2.2678912981725228,-0.2881422924901189,0.0,2,-0.5,1,10.4,53,10.4,17,160,28,23,2,10.4,87,2,-0.33249158249158245,-0.33333333333333337
65,-6.443843945279514,-19.268115942028988,-4.313342340820807,-14.217391304347824,-0.059569110298815175,-0.07440328297886427,5.495092005176279,1.90909090909091,1.0818440676672418,0.8700181643337963,2.2678912981725228,-0.2881422924901189,0.0,2,-0.5,1,10.5,17,10.5,54,160,28,23,2,10.5,88,2,-0.33249158249158245,-0.33333333333333337
66,-6.443843945279514,-19.268115942028988,-4.313342340820807,-14.217391304347824,-0.059569110298815175,-0.07440328297886427,5.495092005176279,1.90909090909091,1.0818440676672418,0.8700181643337963,2.2678912981725228,-0.2881422924901189,0.0,2,-0.5,1,10.6,54,10.6,17,160,28,23,2,10.6,88,2,-0.33249158249158245,-0.33333333333333337
67,-6.443843945279514,-19.268115942028988,-4.313342340820807,-14.217391304347824,-0.059569110298815175,-0.07440328297886427,5.495092005176279,1.90909090909091,1.0818440676672418,0.8700181643337963,2.2678912981725228,-0.2881422924901189,0.0,2,-0.5,1,11.1,17,11.1,58,160,28,23,2,11.1,92,2,-0.33249158249158245,-0.33333333333333337
68,-6.443843945279514,-19.268115942028988,-4.313342340820807,-14.217391304347824,-0.059569110298815175,-0.07440328297886427,5.495092005176279,1.90909090909091,1.0818440676672418,0.8700181643337963,2.2678912981725228,-0.2881422924901189,0.0,2,-0.5,1,11.2,17,11.2,58,160,28,23,2,11.2,92,3,-0.33249158249158245,-0.33333333333333337
69,-6.443843945279514,-19.268115942028988,-4.313342340820807,-14.217391304347824,-0.059569110298815175,-0.07440328297886427,5.495092005176279,1.90909090909091,1.0818440676672418,0.8700181643337963,2.2678912981725228,-0.2881422924901189,0.0,2,-0.5,1,11.3,17,11.3,1,160,28,23,2,11.3,93,3,-0.33249158249158245,-0.33333333333333337
70,-6.443843945279514,-19.268115942028988,-4.313342340820807,-14.217391304347824,-0.059569110298815175,-0.07440328297886427,5.495092005176279,1.90909090909091,1.0818440676672418,0.8700181643337963,2.2678912981725228,-0.2881422924901189,0.0,2,-0.5,1,11.4,1,11.4,17,160,28,23,2,11.4,93,3,-0.33249158249158245,-0.33333333333333337
71,-6.443843945279514,-19.268115942028988,-4.313342340820807,-14.217391304347824,-0.059569110298815175,-0.07440328297886427,5.495092005176279,1.90909090909091,1.0818440676672418,0.8700181643337963,2.2678912981725228,-0.2881422924901189,0.0,2,-0.5,1,11.5,1,11.5,18,160,28,23,2,11.5,94,3,-0.33249158249158245,-0.33333333333333337
72,-6.443843945279514,-19.268115942028988,-4.313342340820807,-14.217391304347824,-0.059569110298815175,-0.07440328297886427,5.495092005176279,1.90909090909091,1.0818440676672418,0.8700181643337963,2.2678912981725228,-0.2881422924901189,0.0,2,-0.5,1,11.6,18,11.6,1,160,28,23,2,11.6,94,3,-0.33249158249158245,-0.33333333333333337
73,-6.443843945279514,-19.268115942028988,-4.313342340820807,-14.217391304347824,-0.059569110298815175,-0.07440328297886427,5.495092005176279,1.90909090909091,1.0818440676672418,0.8700181643337963,2.2678912981725228,-0.2881422924901189,0.0,2,-0.5,1,12.1,1,12.1,18,160,28,23,2,12.1,94,3,-0.33249158249158245,-0.33333333333333337
74,-6.443843945279514,-19.268115942028988,-4.313342340820807,-14.217391304347824,-0.059569110298815175,-0.07440328297886427,5.495092005176279,1.90909090909091,1.0818440676672418,0.8700181643337963,2.2678912981725228,-0.2881422924901189,0.0,2,-0.5,1,12.2,1,12.2,22,160,28,23,2,12.2,98,3,-0.33249158249158245,-0.33333333333333337
75,-6.443843945279514,-19.268115942028988,-4.313342340820807,-14.217391304347824,-0.059569110298815175,-0.07440328297886427,5.495092005176279,1.90909090909091,1.0818440676672418,0.8700181643337963,2.2678912981725228,-0.2881422924901189,0.0,2,-0.5,1,12.3,1,12.3,22,160,28,23,2,12.3,99,3,-0.33249158249158245,-0.33333333333333337
76,-6.443843945279514,-19.268115942028988,-4.313342340820807,-14.217391304347824,-0.059569110298815175,-0.07440328297886427,5.495092005176279,1.90909090909091,1.0818440676672418,0.8700181643337963,2.2678912981725228,-0.2881422924901189,0.0,2,-0.5,1,12.4,1,12.4,24,160,28,23,2,12.4,101,3,-0.33249158249158245,-0.33333333333333337
77,-6.443843945279514,-19.268115942028988,-4.313342340820807,-14.217391304347824,-0.059569110298815175,-0.07440328297886427,5.495092005176279,1.90909090909091,1.0818440676672418,0.8700181643337963,2.2678912981725228,-0.2881422924901189,0.0,2,-0.5,1,12.5,1,12.5,24,160,28,23,2,12.5,101,4,-0.33249158249158245,-0.33333333333333337
78,-6.443843945279514,-19.268115942028988,-4.313342340820807,-14.217391304347824,-0.059569110298815175,-0.07440328297886427,5.495092005176279,1.90909090909091,1.0818440676672418,0.8700181643337963,2.2678912981725228,-0.2881422924901189,0.0,2,-0.5,1,12.6,1,12.6,1,160,28,23,2,12.6,102,4,-0.33249158249158245,-0.33333333333333337
79,-6.443843945279514,-19.268115942028988,-4.313342340820807,-14.217391304347824,-0.059569110298815175,-0.07440328297886427,5.495092005176279,1.90909090909091,1.0818440676672418,0.8700181643337963,2.2678912981725228,-0.2881422924901189,0.0,2,-0.5,1,12.7,1,12.7,3,160,28,23,2,12.7,104,4,-0.33249158249158245,-0.33333333333333337
80,-6.443843945279514,-19.268115942028988,-4.313342340820807,-14.217391304347824,-0.059569110298815175,-0.07440328297886427,5.495092005176279,1.90909090909091,1.0818440676672418,0.8700181643337963,2.2678912981725228,-0.2881422924901189,0.0,2,-0.5,1,13.1,3,13.1,3,160,28,23,2,13.1,106,4,-0.33249158249158245,-0.33333333333333337
81,-6.443843945279514,-19.268115942028988,-4.313342340820807,-14.217391304347824,-0.059569110298815175,-0.07440328297886427,5.495092005176279,1.90909090909091,1.0818440676672418,0.8700181643337963,2.2678912981725228,-0.2881422924901189,0.0,2,-0.5,1,13.2,3,13.2,4,160,28,23,2,13.2,107,4,-0.33249158249158245,-0.33333333333333337
82,-6.443843945279514,-19.268115942028988,-4.313342340820807,-14.217391304347824,-0.059569110298815175,-0.07440328297886427,5.495092005176279,1.90909090909091,1.0818440676672418,0.8700181643337963,2.2678912981725228,-0.2881422924901189,0.0,2,-0.5,1,13.3,4,13.3,4,160,28,23,2,13.3,108,4,-0.33249158249158245,-0.33333333333333337
83,-6.443843945279514,-19.268115942028988,-4.313342340820807,-14.217391304347824,-0.059569110298815175,-0.07440328297886427,5.495092005176279,1.90909090909091,1.0818440676672418,0.8700181643337963,2.2678912981725228,-0.2881422924901189,0.0,2,-0.5,1,13.4,4,13.4,5,160,28,23,2,13.4,109,4,-0.33249158249158245,-0.33333333333333337
84,-6.443843945279514,-19.268115942028988,-4.313342340820807,-14.217391304347824,-0.059569110298815175,-0.07440328297886427,5.495092005176279,1.90909090909091,1.0818440676672418,0.8700181643337963,2.2678912981725228,-0.2881422924901189,0.0,2,-0.5,1,13.5,5,13.5,5,160,28,23,2,13.5,110,4,-0.33249158249158245,-0.33333333333333337
85,-6.443843945279514,-19.268115942028988,-4.313342340820807,-14.217391304347824,-0.059569110298815175,-0.07440328297886427,5.495092005176279,1.90909090909091,1.0818440676672418,0.8700181643337963,2.2678912981725228,-0.2881422924901189,0.0,2,-0.5,1,13.6,5,13.6,6,160,28,23,2,13.6,111,4,-0.33249158249158245,-0.33333333333333337
86,-6.443843945279514,-19.268115942028988,-4.313342340820807,-14.217391304347824,-0.059569110298815175,-0.07440328297886427,5.495092005176279,1.90909090909091,1.0818440676672418,0.8700181643337963,2.2678912981725228,-0.2881422924901189,0.0,2,-0.5,1,14.1,5,14.1,8,160,28,23,2,14.1,113,4,-0.33249158249158245,-0.33333333333333337
87,-6.443843945279514,-19.268115942028988,-4.313342340820807,-14.217391304347824,-0.059569110298815175,-0.07440328297886427,5.495092005176279,1.90909090909091,1.0818440676672418,0.8700181643337963,2.2678912981725228,-0.2881422924901189,0.0,2,-0.5,1,14.2,5,14.2,9,160,28,23,2,14.2,114,4,-0.33249158249158245,-0.33333333333333337
88,-6.443843945279514,-19.268115942028988,-4.313342340820807,-14.217391304347824,-0.059569110298815175,-0.07440328297886427,5.495092005176279,1.90909090909091,1.0818440676672418,0.8700181643337963,2.2678912981725228,-0.2881422924901189,0.0,2,-0.5,1,14.3,9,14.3,6,160,28,23,2,14.3,115,4,-0.33249158249158245,-0.33333333333333337
89,-6.443843945279514,-19.268115942028988,-4.313342340820807,-14.217391304347824,-0.059569110298815175,-0.07440328297886427,5.495092005176279,1.90909090909091,1.0818440676672418,0.8700181643337963,2.2678912981725228,-0.2881422924901189,0.0,2,-0.5,1,14.4,6,14.4,10,160,28,23,2,14.4,116,4,-0.33249158249158245,-0.33333333333333337
90,-6.443843945279514,-19.268115942028988,-4.313342340820807,-14.217391304347824,-0.059569110298815175,-0.07440328297886427,5.495092005176279,1.90909090909091,1.0818440676672418,0.8700181643337963,2.2678912981725228,-0.2881422924901189,0.0,2,-0.5,1,14.5,10,14.5,6,160,28,23,2,14.5,116,5,-0.33249158249158245,-0.33333333333333337
91,-6.443843945279514,-19.268115942028988,-4.313342340820807,-14.217391304347824,-0.059569110298815175,-0.07440328297886427,5.495092005176279,1.90909090909091,1.0818440676672418,0.8700181643337963,2.2678912981725228,-0.2881422924901189,0.0,2,-0.5,1,14.6,10,14.6,0,160,28,23,2,14.6,116,5,-0.33249158249158245,-0.33333333333333337
92,-6.443843945279514,-19.268115942028988,-4.313342340820807,-14.217391304347824,-0.059569110298815175,-0.07440328297886427,5.495092005176279,1.90909090909091,1.0818440676672418,0.8700181643337963,2.2678912981725228,-0.2881422924901189,0.0,2,-0.5,1,15.1,0,15.1,11,160,28,23,2,15.1,117,5,-0.33249158249158245,-0.33333333333333337
93,-6.443843945279514,-19.268115942028988,-4.313342340820807,-14.217391304347824,-0.059569110298815175,-0.07440328297886427,5.495092005176279,1.90909090909091,1.0818440676672418,0.8700181643337963,2.2678912981725228,-0.2881422924901189,0.0,2,-0.5,1,15.2,11,15.2,4,160,28,23,2,15.2,121,5,-0.33249158249158245,-0.33333333333333337
94,-6.443843945279514,-19.268115942028988,-4.313342340820807,-14.217391304347824,-0.059569110298815175,-0.07440328297886427,5.495092005176279,1.90909090909091,1.0818440676672418,0.8700181643337963,2.2678912981725228,-0.2881422924901189,0.0,2,-0.5,1,15.3,11,15.3,4,160,28,23,2,15.3,121,5,-0.33249158249158245,-0.33333333333333337
95,-6.443843945279514,-19.268115942028988,-4.313342340820807,-14.217391304347824,-0.059569110298815175,-0.07440328297886427,5.495092005176279,1.90909090909091,1.0818440676672418,0.8700181643337963,2.2678912981725228,-0.2881422924901189,0.0,2,-0.5,1,15.4,11,15.4,5,160,28,23,2,15.4,122,5,-0.33249158249158245,-0.33333333333333337
96,-6.443843945279514,-19.268115942028988,-4.313342340820807,-14.217391304347824,-0.059569110298815175,-0.07440328297886427,5.495092005176279,1.90909090909091,1.0818440676672418,0.8700181643337963,2.2678912981725228,-0.2881422924901189,0.0,2,-0.5,1,15.5,5,15.5,12,160,28,23,2,15.5,123,5,-0.33249158249158245,-0.33333333333333337
97,-6.443843945279514,-19.268115942028988,-4.313342340820807,-14.217391304347824,-0.059569110298815175,-0.07440328297886427,5.495092005176279,1.90909090909091,1.0818440676672418,0.8700181643337963,2.2678912981725228,-0.2881422924901189,0.0,2,-0.5,1,15.6,12,15.6,6,160,28,23,2,15.6,124,5,-0.33249158249158245,-0.33333333333333337
98,-6.443843945279514,-19.268115942028988,-4.313342340820807,-14.217391304347824,-0.059569110298815175,-0.07440328297886427,5.495092005176279,1.90909090909091,1.0818440676672418,0.8700181643337963,2.2678912981725228,-0.2881422924901189,0.0,2,-0.5,1,16.1,12,16.1,10,160,28,23,2,16.1,128,5,-0.33249158249158245,-0.33333333333333337
99,-6.443843945279514,-19.268115942028988,-4.313342340820807,-14.217391304347824,-0.059569110298815175,-0.07440328297886427,5.495092005176279,1.90909090909091,1.0818440676672418,0.8700181643337963,2.2678912981725228,-0.2881422924901189,0.0,2,-0.5,1,16.2,12,16.2,11,160,28,23,2,16.2,129,5,-0.33249158249158245,-0.33333333333333337
100,-6.443843945279514,-19.268115942028988,-4.313342340820807,-14.217391304347824,-0.059569110298815175,-0.07440328297886427,5.495092005176279,1.90909090909091,1.0818440676672418,0.8700181643337963,2.2678912981725228,-0.2881422924901189,0.0,2,-0.5,1,16.3,11,16.3,14,160,28,23,2,16.3,131,5,-0.33249158249158245,-0.33333333333333337
101,-6.443843945279514,-19.268115942028988,-4.313342340820807,-14.217391304347824,-0.059569110298815175,-0.07440328297886427,5.495092005176279,1.90909090909091,1.0818440676672418,0.8700181643337963,2.2678912981725228,-0.2881422924901189,0.0,2,-0.5,1,16.4,11,16.4,15,160,28,23,2,16.4,132,5,-0.33249158249158245,-0.33333333333333337
102,-6.443843945279514,-19.268115942028988,-4.313342340820807,-14.217391304347824,-0.059569110298815175,-0.07440328297886427,5.495092005176279,1.90909090909091,1.0818440676672418,0.8700181643337963,2.2678912981725228,-0.2881422924901189,0.0,2,-0.5,1,16.5,15,16.5,12,160,28,23,2,16.5,133,5,-0.33249158249158245,-0.33333333333333337
103,-6.443843945279514,-19.268115942028988,-4.313342340820807,-14.217391304347824,-0.059569110298815175,-0.07440328297886427,5.495092005176279,1.90909090909091,1.0818440676672418,0.8700181643337963,2.2678912981725228,-0.2881422924901189,0.0,2,-0.5,1,16.6,12,16.6,15,160,28,23,2,16.6,133,5,-0.33249158249158245,-0.33333333333333337
104,-6.443843945279514,-19.268115942028988,-4.313342340820807,-14.217391304347824,-0.059569110298815175,-0.07440328297886427,5.495092005176279,1.90909090909091,1.0818440676672418,0.8700181643337963,2.2678912981725228,-0.2881422924901189,0.0,2,-0.5,1,17.1,15,17.1,13,160,28,23,2,17.1,134,5,-0.33249158249158245,-0.33333333333333337
105,-6.443843945279514,-19.268115942028988,-4.313342340820807,-14.217391304347824,-0.059569110298815175,-0.07440328297886427,5.495092005176279,1.90909090909091,1.0818440676672418,0.8700181643337963,2.2678912981725228,-0.2881422924901189,0.0,2,-0.5,1,17.2,13,17.2,15,160,28,23,2,17.2,134,6,-0.33249158249158245,-0.33333333333333337
106,-6.443843945279514,-19.268115942028988,-4.313342340820807,-14.217391304347824,-0.059569110298815175,-0.07440328297886427,5.495092005176279,1.90909090909091,1.0818440676672418,0.8700181643337963,2.2678912981725228,-0.2881422924901189,0.0,2,-0.5,1,17.3,13,17.3,0,160,28,23,2,17.3,134,6,-0.33249158249158245,-0.33333333333333337
107,-6.443843945279514,-19.268115942028988,-4.313342340820807,-14.217391304347824,-0.059569110298815175,-0.07440328297886427,5.495092005176279,1.90909090909091,1.0818440676672418,0.8700181643337963,2.2678912981725228,-0.2881422924901189,0.0,2,-0.5,1,17.4,13,17.4,1,160,28,23,2,17.4,135,6,-0.33249158249158245,-0.33333333333333337
108,-6.443843945279514,-19.268115942028988,-4.313342340820807,-14.217391304347824,-0.059569110298815175,-0.07440328297886427,5.495092005176279,1.90909090909091,1.0818440676672418,0.8700181643337963,2.2678912981725228,-0.2881422924901189,0.0,2,-0.5,1,17.5,1,17.5,13,160,28,23,2,17.5,135,6,-0.33249158249158245,-0.33333333333333337
109,-6.443843945279514,-19.268115942028988,-4.313342340820807,-14.217391304347824,-0.059569110298815175,-0.07440328297886427,5.495092005176279,1.90909090909091,1.0818440676672418,0.8700181643337963,2.2678912981725228,-0.2881422924901189,0.0,2,-0.5,1,17.6,1,17.6,14,160,28,23,2,17.6,136,6,-0.33249158249158245,-0.33333333333333337
110,-6.443843945279514,-19.268115942028988,-4.313342340820807,-14.217391304347824,-0.059569110298815175,-0.07440328297886427,5.495092005176279,1.90909090909091,1.0818440676672418,0.8700181643337963,2.2678912981725228,-0.2881422924901189,0.0,2,-0.5,1,18.1,1,18.1,15,160,28,23,2,18.1,137,6,-0.33249158249158245,-0.33333333333333337
111,-6.443843945279514,-19.268115942028988,-4.313342340820807,-14.217391304347824,-0.059569110298815175,-0.07440328297886427,5.495092005176279,1.90909090909091,1.0818440676672418,0.8700181643337963,2.2678912981725228,-0.2881422924901189,0.0,2,-0.5,1,18.2,15,18.2,1,160,28,23,2,18.2,137,6,-0.33249158249158245,-0.33333333333333337
112,-6.443843945279514,-19.268115942028988,-4.313342340820807,-14.217391304347824,-0.059569110298815175,-0.07440328297886427,5.495092005176279,1.90909090909091,1.0818440676672418,0.8700181643337963,2.2678912981725228,-0.2881422924901189,0.0,2,-0.5,1,18.3,15,18.3,1,160,28,23,2,18.3,137,6,-0.33249158249158245,-0.33333333333333337
113,-6.443843945279514,-19.268115942028988,-4.313342340820807,-14.217391304347824,-0.059569110298815175,-0.07440328297886427,5.495092005176279,1.90909090909091,1.0818440676672418,0.8700181643337963,2.2678912981725228,-0.2881422924901189,0.0,2,-0.5,1,18.4,15,18.4,2,160,28,23,2,18.4,138,6,-0.33249158249158245,-0.33333333333333337
114,-6.443843945279514,-19.268115942028988,-4.313342340820807,-14.217391304347824,-0.059569110298815175,-0.07440328297886427,5.495092005176279,1.90909090909091,1.0818440676672418,0.8700181643337963,2.2678912981725228,-0.2881422924901189,0.0,2,-0.5,1,18.5,2,18.5,21,160,28,23,2,18.5,144,6,-0.33249158249158245,-0.33333333333333337
115,-6.443843945279514,-19.268115942028988,-4.313342340820807,-14.217391304347824,-0.059569110298815175,-0.07440328297886427,5.495092005176279,1.90909090909091,1.0818440676672418,0.8700181643337963,2.2678912981725228,-0.2881422924901189,0.0,2,-0.5,1,18.6,2,18.6,25,160,28,23,2,18.6,148,6,-0.33249158249158245,-0.33333333333333337
116,-6.443843945279514,-19.268115942028988,-4.313342340820807,-14.217391304347824,-0.059569110298815175,-0.07440328297886427,5.495092005176279,1.90909090909091,1.0818440676672418,0.8700181643337963,2.2678912981725228,-0.2881422924901189,0.0,2,-0.5,1,19.1,25,19.1,6,160,28,23,2,19.1,152,6,-0.33249158249158245,-0.33333333333333337
117,-6.443843945279514,-19.268115942028988,-4.313342340820807,-14.217391304347824,-0.059569110298815175,-0.07440328297886427,5.495092005176279,1.90909090909091,1.0818440676672418,0.8700181643337963,2.2678912981725228,-0.2881422924901189,0.0,2,-0.5,1,19.2,25,19.2,12,160,28,23,2,19.2,158,6,-0.33249158249158245,-0.33333333333333337
118,-6.443843945279514,-19.268115942028988,-4.313342340820807,-14.217391304347824,-0.059569110298815175,-0.07440328297886427,5.495092005176279,1.90909090909091,1.0818440676672418,0.8700181643337963,2.2678912981725228,-0.2881422924901189,0.0,2,-0.5,1,19.3,25,19.3,12,160,28,23,2,19.3,158,7,-0.33249158249158245,-0.33333333333333337
119,-6.443843945279514,-19.268115942028988,-4.313342340820807,-14.217391304347824,-0.059569110298815175,-0.07440328297886427,5.495092005176279,1.90909090909091,1.0818440676672418,0.8700181643337963,2.2678912981725228,-0.2881422924901189,0.0,2,-0.5,1,19.4,0,19.4,26,160,28,23,2,19.4,159,7,-0.33249158249158245,-0.33333333333333337
120,-6.443843945279514,-19.268115942028988,-4.313342340820807,-14.217391304347824,-0.059569110298815175,-0.07440328297886427,5.495092005176279,1.90909090909091,1.0818440676672418,0.8700181643337963,2.2678912981725228,-0.2881422924901189,0.0,2,-0.5,1,19.5,26,19.5,2,160,28,23,2,19.5,161,7,-0.33249158249158245,-0.33333333333333337
121,-6.443843945279514,-19.268115942028988,-4.313342340820807,-14.217391304347824,-0.059569110298815175,-0.07440328297886427,5.495092005176279,1.90909090909091,1.0818440676672418,0.8700181643337963,2.2678912981725228,-0.2881422924901189,0.0,2,-0.5,1,19.6,26,19.6,2,160,28,23,2,19.6,161,8,-0.33249158249158245,-0.33333333333333337
122,-6.443843945279514,-19.268115942028988,-4.313342340820807,-14.217391304347824,-0.059569110298815175,-0.07440328297886427,5.495092005176279,1.90909090909091,1.0818440676672418,0.8700181643337963,2.2678912981725228,-0.2881422924901189,0.0,2,-0.5,2,0.1,0,0.1,0,161,28,23,2,0.1,0,0,-0.33249158249158245,-0.33333333333333337
123,-6.443843945279514,-19.268115942028988,-4.313342340820807,-14.217391304347824,-0.059569110298815175,-0.07440328297886427,5.495092005176279,1.90909090909091,1.0818440676672418,0.8700181643337963,2.2678912981725228,-0.2881422924901189,0.0,2,-0.5,2,0.2,0,0.2,0,161,28,23,2,0.2,0,0,-0.33249158249158245,-0.33333333333333337
124,-6.443843945279514,-19.268115942028988,-4.313342340820807,-14.217391304347824,-0.059569110298815175,-0.07440328297886427,5.495092005176279,1.90909090909091,1.0818440676672418,0.8700181643337963,2.2678912981725228,-0.2881422924901189,0.0,2,-0.5,2,0.3,0,0.3,4,161,28,23,2,0.3,4,0,-0.33249158249158245,-0.33333333333333337
125,-6.443843945279514,-19.268115942028988,-4.313342340820807,-14.217391304347824,-0.059569110298815175,-0.07440328297886427,5.495092005176279,1.90909090909091,1.0818440676672418,0.8700181643337963,2.2678912981725228,-0.2881422924901189,0.0,2,-0.5,2,0.4,0,0.4,8,161,28,23,2,0.4,8,0,-0.33249158249158245,-0.33333333333333337
126,-6.443843945279514,-19.268115942028988,-4.313342340820807,-14.217391304347824,-0.059569110298815175,-0.07440328297886427,5.495092005176279,1.90909090909091,1.0818440676672418,0.8700181643337963,2.2678912981725228,-0.2881422924901189,0.0,2,-0.5,2,0.5,0,0.5,13,161,28,23,2,0.5,13,0,-0.33249158249158245,-0.33333333333333337
127,-6.443843945279514,-19.268115942028988,-4.313342340820807,-14.217391304347824,-0.059569110298815175,-0.07440328297886427,5.495092005176279,1.90909090909091,1.0818440676672418,0.8700181643337963,2.2678912981725228,-0.2881422924901189,0.0,2,-0.5,2,0.6,13,0.6,4,161,28,23,2,0.6,17,0,-0.33249158249158245,-0.33333333333333337
128,-6.443843945279514,-19.268115942028988,-4.313342340820807,-14.217391304347824,-0.059569110298815175,-0.07440328297886427,5.495092005176279,1.90909090909091,1.0818440676672418,0.8700181643337963,2.2678912981725228,-0.2881422924901189,0.0,2,-0.5,2,1.1,4,1.1,14,161,28,23,2,1.1,18,0,-0.33249158249158245,-0.33333333333333337
129,-6.443843945279514,-19.268115942028988,-4.313342340820807,-14.217391304347824,-0.059569110298815175,-0.07440328297886427,5.495092005176279,1.90909090909091,1.0818440676672418,0.8700181643337963,2.2678912981725228,-0.2881422924901189,0.0,2,-0.5,2,1.2,14,1.2,4,161,28,23,2,1.2,19,0,-0.33249158249158245,-0.33333333333333337
130,-6.443843945279514,-19.268115942028988,-4.313342340820807,-14.217391304347824,-0.059569110298815175,-0.07440328297886427,5.495092005176279,1.90909090909091,1.0818440676672418,0.8700181643337963,2.2678912981725228,-0.2881422924901189,0.0,2,-0.5,2,1.3,4,1.3,15,161,28,23,2,1.3,20,0,-0.33249158249158245,-0.33333333333333337
131,-6.443843945279514,-19.268115942028988,-4.313342340820807,-14.217391304347824,-0.059569110298815175,-0.07440328297886427,5.495092005176279,1.90909090909091,1.0818440676672418,0.8700181643337963,2.2678912981725228,-0.2881422924901189,0.0,2,-0.5,2,1.4,15,1.4,8,161,28,23,2,1.4,24,0,-0.33249158249158245,-0.33333333333333337
132,-6.443843945279514,-19.268115942028988,-4.313342340820807,-14.217391304347824,-0.059569110298815175,-0.07440328297886427,5.495092005176279,1.90909090909091,1.0818440676672418,0.8700181643337963,2.2678912981725228,-0.2881422924901189,0.0,2,-0.5,2,1.5,15,1.5,8,161,28,23,2,1.5,25,0,-0.33249158249158245,-0.33333333333333337
133,-6.443843945279514,-19.268115942028988,-4.313342340820807,-14.217391304347824,-0.059569110298815175,-0.07440328297886427,5.495092005176279,1.90909090909091,1.0818440676672418,0.8700181643337963,2.2678912981725228,-0.2881422924901189,0.0,2,-0.5,2,1.6,15,1.6,8,161,28,23,2,1.6,25,1,-0.33249158249158245,-0.33333333333333337
134,-6.443843945279514,-19.268115942028988,-4.313342340820807,-14.217391304347824,-0.059569110298815175,-0.07440328297886427,5.495092005176279,1.90909090909091,1.0818440676672418,0.8700181643337963,2.2678912981725228,-0.2881422924901189,0.0,2,-0.5,2,1.7,15,1.7,4,161,28,23,2,1.7,29,1,-0.33249158249158245,-0.33333333333333337
135,-6.443843945279514,-19.268115942028988,-4.313342340820807,-14.217391304347824,-0.059569110298815175,-0.07440328297886427,5.495092005176279,1.90909090909091,1.0818440676672418,0.8700181643337963,2.2678912981725228,-0.2881422924901189,0.0,2,-0.5,2,2.1,4,2.1,15,161,28,23,2,2.1,29,1,-0.33249158249158245,-0.33333333333333337
136,-6.443843945279514,-19.268115942028988,-4.313342340820807,-14.217391304347824,-0.059569110298815175,-0.07440328297886427,5.495092005176279,1.90909090909091,1.0818440676672418,0.8700181643337963,2.2678912981725228,-0.2881422924901189,0.0,2,-0.5,2,2.2,4,2.2,15,161,28,23,2,2.2,29,1,-0.33249158249158245,-0.33333333333333337
137,-6.443843945279514,-19.268115942028988,-4.313342340820807,-14.217391304347824,-0.059569110298815175,-0.07440328297886427,5.495092005176279,1.90909090909091,1.0818440676672418,0.8700181643337963,2.2678912981725228,-0.2881422924901189,0.0,2,-0.5,2,2.3,4,2.3,19,161,28,23,2,2.3,33,1,-0.33249158249158245,-0.33333333333333337
138,-6.443843945279514,-19.268115942028988,-4.313342340820807,-14.217391304347824,-0.059569110298815175,-0.07440328297886427,5.495092005176279,1.90909090909091,1.0818440676672418,0.8700181643337963,2.2678912981725228,-0.2881422924901189,0.0,2,-0.5,2,2.4,4,2.4,19,161,28,23,2,2.4,33,1,-0.33249158249158245,-0.33333333333333337
139,-6.443843945279514,-19.268115942028988,-4.313342340820807,-14.217391304347824,-0.059569110298815175,-0.07440328297886427,5.495092005176279,1.90909090909091,1.0818440676672418,0.8700181643337963,2.2678912981725228,-0.2881422924901189,0.0,2,-0.5,2,2.5,4,2.5,19,161,28,23,2,2.5,33,1,-0.33249158249158245,-0.33333333333333337
140,-6.443843945279514,-19.268115942028988,-4.313342340820807,-14.217391304347824,-0.059569110298815175,-0.07440328297886427,5.495092005176279,1.90909090909091,1.0818440676672418,0.8700181643337963,2.2678912981725228,-0.2881422924901189,0.0,2,-0.5,2,2.6,4,2.6,19,161,28,23,2,2.6,33,2,-0.33249158249158245,-0.33333333333333337
141,-6.443843945279514,-19.268115942028988,-4.313342340820807,-14.217391304347824,-0.059569110298815175,-0.07440328297886427,5.495092005176279,1.90909090909091,1.0818440676672418,0.8700181643337963,2.2678912981725228,-0.2881422924901189,0.0,2,-0.5,2,3.1,0,3.1,4,161,28,23,2,3.1,33,2,-0.33249158249158245,-0.33333333333333337
142,-6.443843945279514,-19.268115942028988,-4.313342340820807,-14.217391304347824,-0.059569110298815175,-0.07440328297886427,5.495092005176279,1.90909090909091,1.0818440676672418,0.8700181643337963,2.2678912981725228,-0.2881422924901189,0.0,2,-0.5,2,3.2,0,3.2,4,161,28,23,2,3.2,33,2,-0.33249158249158245,-0.33333333333333337
143,-6.443843945279514,-19.268115942028988,-4.313342340820807,-14.217391304347824,-0.059569110298815175,-0.07440328297886427,5.495092005176279,1.90909090909091,1.0818440676672418,0.8700181643337963,2.2678912981725228,-0.2881422924901189,0.0,2,-0.5,2,3.3,0,3.3,4,161,28,23,2,3.3,33,2,-0.33249158249158245,-0.33333333333333337
144,-6.443843945279514,-19.268115942028988,-4.313342340820807,-14.217391304347824,-0.059569110298815175,-0.07440328297886427,5.495092005176279,1.90909090909091,1.0818440676672418,0.8700181643337963,2.2678912981725228,-0.2881422924901189,0.0,2,-0.5,2,3.4,0,3.4,4,161,28,23,2,3.4,33,2,-0.33249158249158245,-0.33333333333333337
145,-6.443843945279514,-19.268115942028988,-4.313342340820807,-14.217391304347824,-0.059569110298815175,-0.07440328297886427,5.495092005176279,1.90909090909091,1.0818440676672418,0.8700181643337963,2.2678912981725228,-0.2881422924901189,0.0,2,-0.5,2,3.5,0,3.5,5,161,28,23,2,3.5,34,2,-0.33249158249158245,-0.33333333333333337
146,-6.443843945279514,-19.268115942028988,-4.313342340820807,-14.217391304347824,-0.059569110298815175,-0.07440328297886427,5.495092005176279,1.90909090909091,1.0818440676672418,0.8700181643337963,2.2678912981725228,-0.2881422924901189,0.0,2,-0.5,2,3.6,5,3.6,0,161,28,23,2,3.6,34,2,-0.33249158249158245,-0.33333333333333337
147,-6.443843945279514,-19.268115942028988,-4.313342340820807,-14.217391304347824,-0.059569110298815175,-0.07440328297886427,5.495092005176279,1.90909090909091,1.0818440676672418,0.8700181643337963,2.2678912981725228,-0.2881422924901189,0.0,2,-0.5,2,4.1,0,4.1,5,161,28,23,2,4.1,34,2,-0.33249158249158245,-0.33333333333333337
148,-6.443843945279514,-19.268115942028988,-4.313342340820807,-14.217391304347824,-0.059569110298815175,-0.07440328297886427,5.495092005176279,1.90909090909091,1.0818440676672418,0.8700181643337963,2.2678912981725228,-0.2881422924901189,0.0,2,-0.5,2,4.2,0,4.2,5,161,28,23,2,4.2,34,3,-0.33249158249158245,-0.33333333333333337
149,-6.443843945279514,-19.268115942028988,-4.313342340820807,-14.217391304347824,-0.059569110298815175,-0.07440328297886427,5.495092005176279,1.90909090909091,1.0818440676672418,0.8700181643337963,2.2678912981725228,-0.2881422924901189,0.0,2,-0.5,2,4.3,0,4.3,0,161,28,23,2,4.3,34,3,-0.33249158249158245,-0.33333333333333337
150,-6.443843945279514,-19.268115942028988,-4.313342340820807,-14.217391304347824,-0.059569110298815175,-0.07440328297886427,5.495092005176279,1.90909090909091,1.0818440676672418,0.8700181643337963,2.2678912981725228,-0.2881422924901189,0.0,2,-0.5,2,4.4,0,4.4,0,161,28,23,2,4.4,34,3,-0.33249158249158245,-0.33333333333333337
151,-6.443843945279514,-19.268115942028988,-4.313342340820807,-14.217391304347824,-0.059569110298815175,-0.07440328297886427,5.495092005176279,1.90909090909091,1.0818440676672418,0.8700181643337963,2.2678912981725228,-0.2881422924901189,0.0,2,-0.5,2,4.5,0,4.5,0,161,28,23,2,4.5,34,3,-0.33249158249158245,-0.33333333333333337
152,-6.443843945279514,-19.268115942028988,-4.313342340820807,-14.217391304347824,-0.059569110298815175,-0.07440328297886427,5.495092005176279,1.90909090909091,1.0818440676672418,0.8700181643337963,2.2678912981725228,-0.2881422924901189,0.0,2,-0.5,2,4.6,0,4.6,0,161,28,23,2,4.6,35,3,-0.33249158249158245,-0.33333333333333337
153,-6.443843945279514,-19.268115942028988,-4.313342340820807,-14.217391304347824,-0.059569110298815175,-0.07440328297886427,5.495092005176279,1.90909090909091,1.0818440676672418,0.8700181643337963,2.2678912981725228,-0.2881422924901189,0.0,2,-0.5,2,5.1,0,5.1,0,161,28,23,2,5.1,35,3,-0.33249158249158245,-0.33333333333333337
154,-6.443843945279514,-19.268115942028988,-4.313342340820807,-14.217391304347824,-0.059569110298815175,-0.07440328297886427,5.495092005176279,1.90909090909091,1.0818440676672418,0.8700181643337963,2.2678912981725228,-0.2881422924901189,0.0,2,-0.5,2,5.2,0,5.2,0,161,28,23,2,5.2,35,3,-0.33249158249158245,-0.33333333333333337
155,-6.443843945279514,-19.268115942028988,-4.313342340820807,-14.217391304347824,-0.059569110298815175,-0.07440328297886427,5.495092005176279,1.90909090909091,1.0818440676672418,0.8700181643337963,2.2678912981725228,-0.2881422924901189,0.0,2,-0.5,2,5.3,0,5.3,1,161,28,23,2,5.3,36,3,-0.33249158249158245,-0.33333333333333337
156,-6.443843945279514,-19.268115942028988,-4.313342340820807,-14.217391304347824,-0.059569110298815175,-0.07440328297886427,5.495092005176279,1.90909090909091,1.0818440676672418,0.8700181643337963,2.2678912981725228,-0.2881422924901189,0.0,2,-0.5,2,5.4,1,5.4,4,161,28,23,2,5.4,40,3,-0.33249158249158245,-0.33333333333333337
157,-6.443843945279514,-19.268115942028988,-4.313342340820807,-14.217391304347824,-0.059569110298815175,-0.07440328297886427,5.495092005176279,1.90909090909091,1.0818440676672418,0.8700181643337963,2.2678912981725228,-0.2881422924901189,0.0,2,-0.5,2,5.5,1,5.5,4,161,28,23,2,5.5,40,3,-0.33249158249158245,-0.33333333333333337
158,-6.443843945279514,-19.268115942028988,-4.313342340820807,-14.217391304347824,-0.059569110298815175,-0.07440328297886427,5.495092005176279,1.90909090909091,1.0818440676672418,0.8700181643337963,2.2678912981725228,-0.2881422924901189,0.0,2,-0.5,2,5.6,1,5.6,4,161,28,23,2,5.6,40,3,-0.33249158249158245,-0.33333333333333337
159,-6.443843945279514,-19.268115942028988,-4.313342340820807,-14.217391304347824,-0.059569110298815175,-0.07440328297886427,5.495092005176279,1.90909090909091,1.0818440676672418,0.8700181643337963,2.2678912981725228,-0.2881422924901189,0.0,2,-0.5,2,6.1,4,6.1,2,161,28,23,2,6.1,41,3,-0.33249158249158245,-0.33333333333333337
160,-6.443843945279514,-19.268115942028988,-4.313342340820807,-14.217391304347824,-0.059569110298815175,-0.07440328297886427,5.495092005176279,1.90909090909091,1.0818440676672418,0.8700181643337963,2.2678912981725228,-0.2881422924901189,0.0,2,-0.5,2,6.2,2,6.2,4,161,28,23,2,6.2,41,4,-0.33249158249158245,-0.33333333333333337
161,-6.443843945279514,-19.268115942028988,-4.313342340820807,-14.217391304347824,-0.059569110298815175,-0.07440328297886427,5.495092005176279,1.90909090909091,1.0818440676672418,0.8700181643337963,2.2678912981725228,-0.2881422924901189,0.0,2,-0.5,2,6.3,2,6.3,1,161,28,23,2,6.3,42,4,-0.33249158249158245,-0.33333333333333337
162,-6.443843945279514,-19.268115942028988,-4.313342340820807,-14.217391304347824,-0.059569110298815175,-0.07440328297886427,5.495092005176279,1.90909090909091,1.0818440676672418,0.8700181643337963,2.2678912981725228,-0.2881422924901189,0.0,2,-0.5,2,6.4,1,6.4,3,161,28,23,2,6.4,43,4,-0.33249158249158245,-0.33333333333333337
163,-6.443843945279514,-19.268115942028988,-4.313342340820807,-14.217391304347824,-0.059569110298815175,-0.07440328297886427,5.495092005176279,1.90909090909091,1.0818440676672418,0.8700181643337963,2.2678912981725228,-0.2881422924901189,0.0,2,-0.5,2,6.5,3,6.5,1,161,28,23,2,6.5,43,4,-0.33249158249158245,-0.33333333333333337
164,-6.443843945279514,-19.268115942028988,-4.313342340820807,-14.217391304347824,-0.059569110298815175,-0.07440328297886427,5.495092005176279,1.90909090909091,1.0818440676672418,0.8700181643337963,2.2678912981725228,-0.2881422924901189,0.0,2,-0.5,2,6.6,3,6.6,2,161,28,23,2,6.6,44,4,-0.33249158249158245,-0.33333333333333337
165,-6.443843945279514,-19.268115942028988,-4.313342340820807,-14.217391304347824,-0.059569110298815175,-0.07440328297886427,5.495092005176279,1.90909090909091,1.0818440676672418,0.8700181643337963,2.2678912981725228,-0.2881422924901189,0.0,2,-0.5,2,7.1,3,7.1,3,161,28,23,2,7.1,45,4,-0.33249158249158245,-0.33333333333333337
166,-6.443843945279514,-19.268115942028988,-4.313342340820807,-14.217391304347824,-0.059569110298815175,-0.07440328297886427,5.495092005176279,1.90909090909091,1.0818440676672418,0.8700181643337963,2.2678912981725228,-0.2881422924901189,0.0,2,-0.5,2,7.2,3,7.2,3,161,28,23,2,7.2,45,4,-0.33249158249158245,-0.33333333333333337
167,-6.443843945279514,-19.268115942028988,-4.313342340820807,-14.217391304347824,-0.059569110298815175,-0.07440328297886427,5.495092005176279,1.90909090909091,1.0818440676672418,0.8700181643337963,2.2678912981725228,-0.2881422924901189,0.0,2,-0.5,2,7.3,3,7.3,4,161,28,23,2,7.3,46,4,-0.33249158249158245,-0.33333333333333337
168,-6.443843945279514,-19.268115942028988,-4.313342340820807,-14.217391304347824,-0.059569110298815175,-0.07440328297886427,5.495092005176279,1.90909090909091,1.0818440676672418,0.8700181643337963,2.2678912981725228,-0.2881422924901189,0.0,2,-0.5,2,7.4,4,7.4,4,161,28,23,2,7.4,47,4,-0.33249158249158245,-0.33333333333333337
169,-6.443843945279514,-19.268115942028988,-4.313342340820807,-14.217391304347824,-0.059569110298815175,-0.07440328297886427,5.495092005176279,1.90909090909091,1.0818440676672418,0.8700181643337963,2.2678912981725228,-0.2881422924901189,0.0,2,-0.5,2,7.5,4,7.5,5,161,28,23,2,7.5,48,4,-0.33249158249158245,-0.33333333333333337
170,-6.443843945279514,-19.268115942028988,-4.313342340820807,-14.217391304347824,-0.059569110298815175,-0.07440328297886427,5.495092005176279,1.90909090909091,1.0818440676672418,0.8700181643337963,2.2678912981725228,-0.2881422924901189,0.0,2,-0.5,2,7.6,5,7.6,5,161,28,23,2,7.6,49,4,-0.33249158249158245,-0.33333333333333337
171,-6.443843945279514,-19.268115942028988,-4.313342340820807,-14.217391304347824,-0.059569110298815175,-0.07440328297886427,5.495092005176279,1.90909090909091,1.0818440676672418,0.8700181643337963,2.2678912981725228,-0.2881422924901189,0.0,2,-0.5,2,8.1,5,8.1,5,161,28,23,2,8.1,50,4,-0.33249158249158245,-0.33333333333333337
172,-6.443843945279514,-19.268115942028988,-4.313342340820807,-14.217391304347824,-0.059569110298815175,-0.07440328297886427,5.495092005176279,1.90909090909091,1.0818440676672418,0.8700181643337963,2.2678912981725228,-0.2881422924901189,0.0,2,-0.5,2,8.2,5,8.2,6,161,28,23,2,8.2,51,4,-0.33249158249158245,-0.33333333333333337
173,-6.443843945279514,-19.268115942028988,-4.313342340820807,-14.217391304347824,-0.059569110298815175,-0.07440328297886427,5.495092005176279,1.90909090909091,1.0818440676672418,0.8700181643337963,2.2678912981725228,-0.2881422924901189,0.0,2,-0.5,2,8.3,6,8.3,5,161,28,23,2,8.3,51,4,-0.33249158249158245,-0.33333333333333337
174,-6.443843945279514,-19.268115942028988,-4.313342340820807,-14.217391304347824,-0.059569110298815175,-0.07440328297886427,5.495092005176279,1.90909090909091,1.0818440676672418,0.8700181643337963,2.2678912981725228,-0.2881422924901189,0.0,2,-0.5,2,8.4,6,8.4,5,161,28,23,2,8.4,51,4,-0.33249158249158245,-0.33333333333333337
175,-6.443843945279514,-19.268115942028988,-4.313342340820807,-14.217391304347824,-0.059569110298815175,-0.07440328297886427,5.495092005176279,1.90909090909091,1.0818440676672418,0.8700181643337963,2.2678912981725228,-0.2881422924901189,0.0,2,-0.5,2,8.5,6,8.5,6,161,28,23,2,8.5,52,4,-0.33249158249158245,-0.33333333333333337
176,-6.443843945279514,-19.268115942028988,-4.313342340820807,-14.217391304347824,-0.059569110298815175,-0.07440328297886427,5.495092005176279,1.90909090909091,1.0818440676672418,0.8700181643337963,2.2678912981725228,-0.2881422924901189,0.0,2,-0.5,2,8.6,6,8.6,7,161,28,23,2,8.6,53,4,-0.33249158249158245,-0.33333333333333337
177,-6.443843945279514,-19.268115942028988,-4.313342340820807,-14.217391304347824,-0.059569110298815175,-0.07440328297886427,5.495092005176279,1.90909090909091,1.0818440676672418,0.8700181643337963,2.2678912981725228,-0.2881422924901189,0.0,2,-0.5,2,9.1,6,9.1,8,161,28,23,2,9.1,54,4,-0.33249158249158245,-0.33333333333333337
178,-6.443843945279514,-19.268115942028988,-4.313342340820807,-14.217391304347824,-0.059569110298815175,-0.07440328297886427,5.495092005176279,1.90909090909091,1.0818440676672418,0.8700181643337963,2.2678912981725228,-0.2881422924901189,0.0,2,-0.5,2,9.2,8,9.2,7,161,28,23,2,9.2,55,4,-0.33249158249158245,-0.33333333333333337
179,-6.443843945279514,-19.268115942028988,-4.313342340820807,-14.217391304347824,-0.059569110298815175,-0.07440328297886427,5.495092005176279,1.90909090909091,1.0818440676672418,0.8700181643337963,2.2678912981725228,-0.2881422924901189,0.0,2,-0.5,2,9.3,7,9.3,9,161,28,23,2,9.3,56,4,-0.33249158249158245,-0.33333333333333337
180,-6.443843945279514,-19.268115942028988,-4.313342340820807,-14.217391304347824,-0.059569110298815175,-0.07440328297886427,5.495092005176279,1.90909090909091,1.0818440676672418,0.8700181643337963,2.2678912981725228,-0.2881422924901189,0.0,2,-0.5,2,9.4,9,9.4,13,161,28,23,2,9.4,62,4,-0.33249158249158245,-0.33333333333333337
181,-6.443843945279514,-19.268115942028988,-4.313342340820807,-14.217391304347824,-0.059569110298815175,-0.07440328297886427,5.495092005176279,1.90909090909091,1.0818440676672418,0.8700181643337963,2.2678912981725228,-0.2881422924901189,0.0,2,-0.5,2,9.5,9,9.5,13,161,28,23,2,9.5,66,4,-0.33249158249158245,-0.33333333333333337
182,-6.443843945279514,-19.268115942028988,-4.313342340820807,-14.217391304347824,-0.059569110298815175,-0.07440328297886427,5.495092005176279,1.90909090909091,1.0818440676672418,0.8700181643337963,2.2678912981725228,-0.2881422924901189,0.0,2,-0.5,2,9.6,9,9.6,14,161,28,23,2,9.6,67,4,-0.33249158249158245,-0.33333333333333337
183,-6.443843945279514,-19.268115942028988,-4.313342340820807,-14.217391304347824,-0.059569110298815175,-0.07440328297886427,5.495092005176279,1.90909090909091,1.0818440676672418,0.8700181643337963,2.2678912981725228,-0.2881422924901189,0.0,2,-0.5,2,10.1,9,10.1,14,161,28,23,2,10.1,67,4,-0.33249158249158245,-0.33333333333333337
184,-6.443843945279514,-19.268115942028988,-4.313342340820807,-14.217391304347824,-0.059569110298815175,-0.07440328297886427,5.495092005176279,1.90909090909091,1.0818440676672418,0.8700181643337963,2.2678912981725228,-0.2881422924901189,0.0,2,-0.5,2,10.2,9,10.2,14,161,28,23,2,10.2,67,5,-0.33249158249158245,-0.33333333333333337
185,-6.443843945279514,-19.268115942028988,-4.313342340820807,-14.217391304347824,-0.059569110298815175,-0.07440328297886427,5.495092005176279,1.90909090909091,1.0818440676672418,0.8700181643337963,2.2678912981725228,-0.2881422924901189,0.0,2,-0.5,2,10.3,0,10.3,9,161,28,23,2,10.3,67,5,-0.33249158249158245,-0.33333333333333337
186,-6.443843945279514,-19.268115942028988,-4.313342340820807,-14.217391304347824,-0.059569110298815175,-0.07440328297886427,5.495092005176279,1.90909090909091,1.0818440676672418,0.8700181643337963,2.2678912981725228,-0.2881422924901189,0.0,2,-0.5,2,10.4,0,10.4,10,161,28,23,2,10.4,68,5,-0.33249158249158245,-0.33333333333333337
187,-6.443843945279514,-19.268115942028988,-4.313342340820807,-14.217391304347824,-0.059569110298815175,-0.07440328297886427,5.495092005176279,1.90909090909091,1.0818440676672418,0.8700181643337963,2.2678912981725228,-0.2881422924901189,0.0,2,-0.5,2,10.5,10,10.5,1,161,28,23,2,10.5,69,5,-0.33249158249158245,-0.33333333333333337
188,-6.443843945279514,-19.268115942028988,-4.313342340820807,-14.217391304347824,-0.059569110298815175,-0.07440328297886427,5.495092005176279,1.90909090909091,1.0818440676672418,0.8700181643337963,2.2678912981725228,-0.2881422924901189,0.0,2,-0.5,2,10.6,1,10.6,10,161,28,23,2,10.6,69,5,-0.33249158249158245,-0.33333333333333337
189,-6.443843945279514,-19.268115942028988,-4.313342340820807,-14.217391304347824,-0.059569110298815175,-0.07440328297886427,5.495092005176279,1.90909090909091,1.0818440676672418,0.8700181643337963,2.2678912981725228,-0.2881422924901189,0.0,2,-0.5,2,11.1,10,11.1,2,161,28,23,2,11.1,70,5,-0.33249158249158245,-0.33333333333333337
190,-6.443843945279514,-19.268115942028988,-4.313342340820807,-14.217391304347824,-0.059569110298815175,-0.07440328297886427,5.495092005176279,1.90909090909091,1.0818440676672418,0.8700181643337963,2.2678912981725228,-0.2881422924901189,0.0,2,-0.5,2,11.2,2,11.2,10,161,28,23,2,11.2,70,5,-0.33249158249158245,-0.33333333333333337
191,-6.443843945279514,-19.268115942028988,-4.313342340820807,-14.217391304347824,-0.059569110298815175,-0.07440328297886427,5.495092005176279,1.90909090909091,1.0818440676672418,0.8700181643337963,2.2678912981725228,-0.2881422924901189,0.0,2,-0.5,2,11.3,2,11.3,10,161,28,23,2,11.3,70,5,-0.33249158249158245,-0.33333333333333337
192,-6.443843945279514,-19.268115942028988,-4.313342340820807,-14.217391304347824,-0.059569110298815175,-0.07440328297886427,5.495092005176279,1.90909090909091,1.0818440676672418,0.8700181643337963,2.2678912981725228,-0.2881422924901189,0.0,2,-0.5,2,11.4,2,11.4,10,161,28,23,2,11.4,70,5,-0.33249158249158245,-0.33333333333333337
193,-6.443843945279514,-19.268115942028988,-4.313342340820807,-14.217391304347824,-0.059569110298815175,-0.07440328297886427,5.495092005176279,1.90909090909091,1.0818440676672418,0.8700181643337963,2.2678912981725228,-0.2881422924901189,0.0,2,-0.5,2,11.5,2,11.5,12,161,28,23,2,11.5,72,5,-0.33249158249158245,-0.33333333333333337
194,-6.443843945279514,-19.268115942028988,-4.313342340820807,-14.217391304347824,-0.059569110298815175,-0.07440328297886427,5.495092005176279,1.90909090909091,1.0818440676672418,0.8700181643337963,2.2678912981725228,-0.2881422924901189,0.0,2,-0.5,2,11.6,2,11.6,12,161,28,23,2,11.6,72,5,-0.33249158249158245,-0.33333333333333337
195,-6.443843945279514,-19.268115942028988,-4.313342340820807,-14.217391304347824,-0.059569110298815175,-0.07440328297886427,5.495092005176279,1.90909090909091,1.0818440676672418,0.8700181643337963,2.2678912981725228,-0.2881422924901189,0.0,2,-0.5,2,12.1,12,12.1,2,161,28,23,2,12.1,72,5,-0.33249158249158245,-0.33333333333333337
196,-6.443843945279514,-19.268115942028988,-4.313342340820807,-14.217391304347824,-0.059569110298815175,-0.07440328297886427,5.495092005176279,1.90909090909091,1.0818440676672418,0.8700181643337963,2.2678912981725228,-0.2881422924901189,0.0,2,-0.5,2,12.2,12,12.2,4,161,28,23,2,12.2,74,5,-0.33249158249158245,-0.33333333333333337
197,-6.443843945279514,-19.268115942028988,-4.313342340820807,-14.217391304347824,-0.059569110298815175,-0.07440328297886427,5.495092005176279,1.90909090909091,1.0818440676672418,0.8700181643337963,2.2678912981725228,-0.2881422924901189,0.0,2,-0.5,2,12.3,12,12.3,5,161,28,23,2,12.3,75,5,-0.33249158249158245,-0.33333333333333337
198,-6.443843945279514,-19.268115942028988,-4.313342340820807,-14.217391304347824,-0.059569110298815175,-0.07440328297886427,5.495092005176279,1.90909090909091,1.0818440676672418,0.8700181643337963,2.2678912981725228,-0.2881422924901189,0.0,2,-0.5,2,12.4,5,12.4,12,161,28,23,2,12.4,75,5,-0.33249158249158245,-0.33333333333333337
199,-6.443843945279514,-19.268115942028988,-4.313342340820807,-14.217391304347824,-0.059569110298815175,-0.07440328297886427,5.495092005176279,1.90909090909091,1.0818440676672418,0.8700181643337963,2.2678912981725228,-0.2881422924901189,0.0,2,-0.5,2,12.5,5,12.5,12,161,28,23,2,12.5,76,5,-0.33249158249158245,-0.33333333333333337
200,-6.443843945279514,-19.268115942028988,-4.313342340820807,-14.217391304347824,-0.059569110298815175,-0.07440328297886427,5.495092005176279,1.90909090909091,1.0818440676672418,0.8700181643337963,2.2678912981725228,-0.2881422924901189,0.0,2,-0.5,2,12.6,12,12.6,6,161,28,23,2,12.6,77,5,-0.33249158249158245,-0.33333333333333337
201,-6.443843945279514,-19.268115942028988,-4.313342340820807,-14.217391304347824,-0.059569110298815175,-0.07440328297886427,5.495092005176279,1.90909090909091,1.0818440676672418,0.8700181643337963,2.2678912981725228,-0.2881422924901189,0.0,2,-0.5,2,13.1,12,13.1,7,161,28,23,2,13.1,78,5,-0.33249158249158245,-0.33333333333333337
202,-6.443843945279514,-19.268115942028988,-4.313342340820807,-14.217391304347824,-0.059569110298815175,-0.07440328297886427,5.495092005176279,1.90909090909091,1.0818440676672418,0.8700181643337963,2.2678912981725228,-0.2881422924901189,0.0,2,-0.5,2,13.2,7,13.2,13,161,28,23,2,13.2,79,5,-0.33249158249158245,-0.33333333333333337
203,-6.443843945279514,-19.268115942028988,-4.313342340820807,-14.217391304347824,-0.059569110298815175,-0.07440328297886427,5.495092005176279,1.90909090909091,1.0818440676672418,0.8700181643337963,2.2678912981725228,-0.2881422924901189,0.0,2,-0.5,2,13.3,13,13.3,7,161,28,23,2,13.3,80,5,-0.33249158249158245,-0.33333333333333337
204,-6.443843945279514,-19.268115942028988,-4.313342340820807,-14.217391304347824,-0.059569110298815175,-0.07440328297886427,5.495092005176279,1.90909090909091,1.0818440676672418,0.8700181643337963,2.2678912981725228,-0.2881422924901189,0.0,2,-0.5,2,13.4,13,13.4,8,161,28,23,2,13.4,81,5,-0.33249158249158245,-0.33333333333333337
205,-6.443843945279514,-19.268115942028988,-4.313342340820807,-14.217391304347824,-0.059569110298815175,-0.07440328297886427,5.495092005176279,1.90909090909091,1.0818440676672418,0.8700181643337963,2.2678912981725228,-0.2881422924901189,0.0,2,-0.5,2,13.5,8,13.5,13,161,28,23,2,13.5,81,5,-0.33249158249158245,-0.33333333333333337
206,-6.443843945279514,-19.268115942028988,-4.313342340820807,-14.217391304347824,-0.059569110298815175,-0.07440328297886427,5.495092005176279,1.90909090909091,1.0818440676672418,0.8700181643337963,2.2678912981725228,-0.2881422924901189,0.0,2,-0.5,2,13.6,8,13.6,14,161,28,23,2,13.6,82,5,-0.33249158249158245,-0.33333333333333337
207,-6.443843945279514,-19.268115942028988,-4.313342340820807,-14.217391304347824,-0.059569110298815175,-0.07440328297886427,5.495092005176279,1.90909090909091,1.0818440676672418,0.8700181643337963,2.2678912981725228,-0.2881422924901189,0.0,2,-0.5,2,13.7,14,13.7,9,161,28,23,2,13.7,83,5,-0.33249158249158245,-0.33333333333333337
208,-6.443843945279514,-19.268115942028988,-4.313342340820807,-14.217391304347824,-0.059569110298815175,-0.07440328297886427,5.495092005176279,1.90909090909091,1.0818440676672418,0.8700181643337963,2.2678912981725228,-0.2881422924901189,0.0,2,-0.5,2,14.1,14,14.1,10,161,28,23,2,14.1,84,5,-0.33249158249158245,-0.33333333333333337
209,-6.443843945279514,-19.268115942028988,-4.313342340820807,-14.217391304347824,-0.059569110298815175,-0.07440328297886427,5.495092005176279,1.90909090909091,1.0818440676672418,0.8700181643337963,2.2678912981725228,-0.2881422924901189,0.0,2,-0.5,2,14.2,10,14.2,15,161,28,23,2,14.2,85,5,-0.33249158249158245,-0.33333333333333337
210,-6.443843945279514,-19.268115942028988,-4.313342340820807,-14.217391304347824,-0.059569110298815175,-0.07440328297886427,5.495092005176279,1.90909090909091,1.0818440676672418,0.8700181643337963,2.2678912981725228,-0.2881422924901189,0.0,2,-0.5,2,14.3,15,14.3,11,161,28,23,2,14.3,86,5,-0.33249158249158245,-0.33333333333333337
211,-6.443843945279514,-19.268115942028988,-4.313342340820807,-14.217391304347824,-0.059569110298815175,-0.07440328297886427,5.495092005176279,1.90909090909091,1.0818440676672418,0.8700181643337963,2.2678912981725228,-0.2881422924901189,0.0,2,-0.5,2,14.4,11,14.4,19,161,28,23,2,14.4,90,5,-0.33249158249158245,-0.33333333333333337
212,-6.443843945279514,-19.268115942028988,-4.313342340820807,-14.217391304347824,-0.059569110298815175,-0.07440328297886427,5.495092005176279,1.90909090909091,1.0818440676672418,0.8700181643337963,2.2678912981725228,-0.2881422924901189,0.0,2,-0.5,2,14.5,11,14.5,19,161,28,23,2,14.5,90,5,-0.33249158249158245,-0.33333333333333337
213,-6.443843945279514,-19.268115942028988,-4.313342340820807,-14.217391304347824,-0.059569110298815175,-0.07440328297886427,5.495092005176279,1.90909090909091,1.0818440676672418,0.8700181643337963,2.2678912981725228,-0.2881422924901189,0.0,2,-0.5,2,14.6,11,14.6,20,161,28,23,2,14.6,91,5,-0.33249158249158245,-0.33333333333333337
214,-6.443843945279514,-19.268115942028988,-4.313342340820807,-14.217391304347824,-0.059569110298815175,-0.07440328297886427,5.495092005176279,1.90909090909091,1.0818440676672418,0.8700181643337963,2.2678912981725228,-0.2881422924901189,0.0,2,-0.5,2,15.1,11,15.1,21,161,28,23,2,15.1,92,5,-0.33249158249158245,-0.33333333333333337
215,-6.443843945279514,-19.268115942028988,-4.313342340820807,-14.217391304347824,-0.059569110298815175,-0.07440328297886427,5.495092005176279,1.90909090909091,1.0818440676672418,0.8700181643337963,2.2678912981725228,-0.2881422924901189,0.0,2,-0.5,2,15.2,21,15.2,12,161,28,23,2,15.2,93,5,-0.33249158249158245,-0.33333333333333337
216,-6.443843945279514,-19.268115942028988,-4.313342340820807,-14.217391304347824,-0.059569110298815175,-0.07440328297886427,5.495092005176279,1.90909090909091,1.0818440676672418,0.8700181643337963,2.2678912981725228,-0.2881422924901189,0.0,2,-0.5,2,15.3,12,15.3,22,161,28,23,2,15.3,94,5,-0.33249158249158245,-0.33333333333333337
217,-6.443843945279514,-19.268115942028988,-4.313342340820807,-14.217391304347824,-0.059569110298815175,-0.07440328297886427,5.495092005176279,1.90909090909091,1.0818440676672418,0.8700181643337963,2.2678912981725228,-0.2881422924901189,0.0,2,-0.5,2,15.4,22,15.4,13,161,28,23,2,15.4,95,5,-0.33249158249158245,-0.33333333333333337
218,-6.443843945279514,-19.268115942028988,-4.313342340820807,-14.217391304347824,-0.059569110298815175,-0.07440328297886427,5.495092005176279,1.90909090909091,1.0818440676672418,0.8700181643337963,2.2678912981725228,-0.2881422924901189,0.0,2,-0.5,2,15.5,13,15.5,22,161,28,23,2,15.5,95,6,-0.33249158249158245,-0.33333333333333337
219,-6.443843945279514,-19.268115942028988,-4.313342340820807,-14.217391304347824,-0.059569110298815175,-0.07440328297886427,5.495092005176279,1.90909090909091,1.0818440676672418,0.8700181643337963,2.2678912981725228,-0.2881422924901189,0.0,2,-0.5,2,15.6,13,15.6,0,161,28,23,2,15.6,95,6,-0.33249158249158245,-0.33333333333333337
220,-6.443843945279514,-19.268115942028988,-4.313342340820807,-14.217391304347824,-0.059569110298815175,-0.07440328297886427,5.495092005176279,1.90909090909091,1.0818440676672418,0.8700181643337963,2.2678912981725228,-0.2881422924901189,0.0,2,-0.5,2,16.1,0,16.1,13,161,28,23,2,16.1,95,6,-0.33249158249158245,-0.33333333333333337
221,-6.443843945279514,-19.268115942028988,-4.313342340820807,-14.217391304347824,-0.059569110298815175,-0.07440328297886427,5.495092005176279,1.90909090909091,1.0818440676672418,0.8700181643337963,2.2678912981725228,-0.2881422924901189,0.0,2,-0.5,2,16.2,0,16.2,14,161,28,23,2,16.2,96,6,-0.33249158249158245,-0.33333333333333337
222,-6.443843945279514,-19.268115942028988,-4.313342340820807,-14.217391304347824,-0.059569110298815175,-0.07440328297886427,5.495092005176279,1.90909090909091,1.0818440676672418,0.8700181643337963,2.2678912981725228,-0.2881422924901189,0.0,2,-0.5,2,16.3,14,16.3,0,161,28,23,2,16.3,96,6,-0.33249158249158245,-0.33333333333333337
223,-6.443843945279514,-19.268115942028988,-4.313342340820807,-14.217391304347824,-0.059569110298815175,-0.07440328297886427,5.495092005176279,1.90909090909091,1.0818440676672418,0.8700181643337963,2.2678912981725228,-0.2881422924901189,0.0,2,-0.5,2,16.4,14,16.4,1,161,28,23,2,16.4,97,6,-0.33249158249158245,-0.33333333333333337
224,-6.443843945279514,-19.268115942028988,-4.313342340820807,-14.217391304347824,-0.059569110298815175,-0.07440328297886427,5.495092005176279,1.90909090909091,1.0818440676672418,0.8700181643337963,2.2678912981725228,-0.2881422924901189,0.0,2,-0.5,2,16.5,1,16.5,15,161,28,23,2,16.5,98,6,-0.33249158249158245,-0.33333333333333337
225,-6.443843945279514,-19.268115942028988,-4.313342340820807,-14.217391304347824,-0.059569110298815175,-0.07440328297886427,5.495092005176279,1.90909090909091,1.0818440676672418,0.8700181643337963,2.2678912981725228,-0.2881422924901189,0.0,2,-0.5,2,16.6,15,16.6,1,161,28,23,2,16.6,98,7,-0.33249158249158245,-0.33333333333333337
226,-6.443843945279514,-19.268115942028988,-4.313342340820807,-14.217391304347824,-0.059569110298815175,-0.07440328297886427,5.495092005176279,1.90909090909091,1.0818440676672418,0.8700181643337963,2.2678912981725228,-0.2881422924901189,0.0,2,-0.5,2,17.1,0,17.1,17,161,28,23,2,17.1,100,7,-0.33249158249158245,-0.33333333333333337
227,-6.443843945279514,-19.268115942028988,-4.313342340820807,-14.217391304347824,-0.059569110298815175,-0.07440328297886427,5.495092005176279,1.90909090909091,1.0818440676672418,0.8700181643337963,2.2678912981725228,-0.2881422924901189,0.0,2,-0.5,2,17.2,0,17.2,19,161,28,23,2,17.2,102,7,-0.33249158249158245,-0.33333333333333337
228,-6.443843945279514,-19.268115942028988,-4.313342340820807,-14.217391304347824,-0.059569110298815175,-0.07440328297886427,5.495092005176279,1.90909090909091,1.0818440676672418,0.8700181643337963,2.2678912981725228,-0.2881422924901189,0.0,2,-0.5,2,17.3,0,17.3,22,161,28,23,2,17.3,105,7,-0.33249158249158245,-0.33333333333333337
229,-6.443843945279514,-19.268115942028988,-4.313342340820807,-14.217391304347824,-0.059569110298815175,-0.07440328297886427,5.495092005176279,1.90909090909091,1.0818440676672418,0.8700181643337963,2.2678912981725228,-0.2881422924901189,0.0,2,-0.5,2,17.4,22,17.4,1,161,28,23,2,17.4,106,7,-0.33249158249158245,-0.33333333333333337
230,-6.443843945279514,-19.268115942028988,-4.313342340820807,-14.217391304347824,-0.059569110298815175,-0.07440328297886427,5.495092005176279,1.90909090909091,1.0818440676672418,0.8700181643337963,2.2678912981725228,-0.2881422924901189,0.0,2,-0.5,2,17.5,1,17.5,22,161,28,23,2,17.5,106,7,-0.33249158249158245,-0.33333333333333337
231,-6.443843945279514,-19.268115942028988,-4.313342340820807,-14.217391304347824,-0.059569110298815175,-0.07440328297886427,5.495092005176279,1.90909090909091,1.0818440676672418,0.8700181643337963,2.2678912981725228,-0.2881422924901189,0.0,2,-0.5,2,17.6,1,17.6,22,161,28,23,2,17.6,106,8,-0.33249158249158245,-0.33333333333333337
232,-6.443843945279514,-19.268115942028988,-4.313342340820807,-14.217391304347824,-0.059569110298815175,-0.07440328297886427,5.495092005176279,1.90909090909091,1.0818440676672418,0.8700181643337963,2.2678912981725228,-0.2881422924901189,0.0,2,-0.5,2,18.1,1,18.1,6,161,28,23,2,18.1,112,8,-0.33249158249158245,-0.33333333333333337
233,-6.443843945279514,-19.268115942028988,-4.313342340820807,-14.217391304347824,-0.059569110298815175,-0.07440328297886427,5.495092005176279,1.90909090909091,1.0818440676672418,0.8700181643337963,2.2678912981725228,-0.2881422924901189,0.0,2,-0.5,2,18.2,1,18.2,6,161,28,23,2,18.2,112,8,-0.33249158249158245,-0.33333333333333337
234,-6.443843945279514,-19.268115942028988,-4.313342340820807,-14.217391304347824,-0.059569110298815175,-0.07440328297886427,5.495092005176279,1.90909090909091,1.0818440676672418,0.8700181643337963,2.2678912981725228,-0.2881422924901189,0.0,2,-0.5,2,18.3,1,18.3,6,161,28,23,2,18.3,112,9,-0.33249158249158245,-0.33333333333333337
